              precision    recall  f1-score   support

           0       0.95      0.97      0.96       251
           1       0.93      0.98      0.95       263
           2       0.91      0.91      0.91       233
           3       0.94      0.90      0.92       289
           4       0.90      0.94      0.92       203
           5       0.95      0.92      0.93       247
           6       0.96      0.94      0.95       254
           7       0.93      0.92      0.92       260
           8       0.90      0.91      0.91       243
           9       0.95      0.90      0.92       257

    accuracy                           0.93      2500
   macro avg       0.93      0.93      0.93      2500
weighted avg       0.93      0.93      0.93      2500
