              precision    recall  f1-score   support

           0       0.34      0.35      0.34      1000
           1       0.37      0.39      0.38      1000
           2       0.27      0.20      0.23      1000
           3       0.24      0.14      0.18      1000
           4       0.26      0.16      0.20      1000
           5       0.29      0.34      0.31      1000
           6       0.29      0.32      0.30      1000
           7       0.27      0.39      0.32      1000
           8       0.35      0.40      0.37      1000
           9       0.40      0.44      0.42      1000

    accuracy                           0.31     10000
   macro avg       0.31      0.31      0.31     10000
weighted avg       0.31      0.31      0.31     10000
