              precision    recall  f1-score   support

           0       0.95      0.96      0.96       251
           1       0.91      0.97      0.94       263
           2       0.87      0.90      0.88       233
           3       0.87      0.88      0.88       289
           4       0.88      0.94      0.91       203
           5       0.87      0.87      0.87       247
           6       0.93      0.94      0.94       254
           7       0.90      0.92      0.91       260
           8       0.89      0.80      0.84       243
           9       0.95      0.86      0.91       257

    accuracy                           0.90      2500
   macro avg       0.90      0.90      0.90      2500
weighted avg       0.90      0.90      0.90      2500
