              precision    recall  f1-score   support

           0       0.34      0.39      0.36      1000
           1       0.37      0.40      0.38      1000
           2       0.24      0.28      0.26      1000
           3       0.23      0.16      0.19      1000
           4       0.25      0.17      0.20      1000
           5       0.32      0.29      0.30      1000
           6       0.28      0.34      0.31      1000
           7       0.35      0.30      0.32      1000
           8       0.34      0.39      0.36      1000
           9       0.39      0.44      0.42      1000

    accuracy                           0.32     10000
   macro avg       0.31      0.32      0.31     10000
weighted avg       0.31      0.32      0.31     10000
