              precision    recall  f1-score   support

           0       0.97      0.96      0.97      1343
           1       0.95      0.97      0.96      1600
           2       0.91      0.90      0.91      1380
           3       0.90      0.90      0.90      1433
           4       0.93      0.92      0.92      1295
           5       0.89      0.87      0.88      1273
           6       0.94      0.96      0.95      1396
           7       0.93      0.94      0.94      1503
           8       0.89      0.88      0.88      1357
           9       0.90      0.91      0.90      1420

    accuracy                           0.92     14000
   macro avg       0.92      0.92      0.92     14000
weighted avg       0.92      0.92      0.92     14000
