              precision    recall  f1-score   support

           0       0.94      0.97      0.95       251
           1       0.94      0.97      0.96       263
           2       0.89      0.89      0.89       233
           3       0.89      0.88      0.89       289
           4       0.87      0.91      0.89       203
           5       0.90      0.87      0.88       247
           6       0.94      0.92      0.93       254
           7       0.92      0.92      0.92       260
           8       0.86      0.88      0.87       243
           9       0.93      0.87      0.90       257

    accuracy                           0.91      2500
   macro avg       0.91      0.91      0.91      2500
weighted avg       0.91      0.91      0.91      2500
